error_code_variants <- c('-999.99', '-1000.00', '', '-999', '-999.990')
